ADDGRID = True
ALGO = Fast
EDIFF = 1e-06
EFIELD_PEAD = 3.7050652663470935e-08 1.6834037760483173e-08 -0.0029999999997239774
ENCUT = 520.0
IBRION = -1
ISMEAR = 0
ISPIN = 2
ISYM = 0
LASPH = True
LCALCEPS = False
LCALCPOL = True
LCHARG = False
LDAU = True
LDAUJ = 0 0 0
LDAUL = 0 2 0
LDAUPRINT = 1
LDAUTYPE = 2
LDAUU = 0 6.2 0
LMAXMIX = 4
LORBIT = 11
LREAL = False
LWAVE = False
MAGMOM = 4*-0.0 4*1.776 12*0.067
NELM = 100
NSW = 0
PREC = Accurate
SIGMA = 0.05
SKIP_EDOTP = True
SYMPREC = 1e-08
