ADDGRID = True
ALGO = Fast
EDIFF = 1e-06
ENCUT = 520.0
IBRION = -1
ISMEAR = 0
ISPIN = 2
ISYM = 0
LASPH = True
LCALCEPS = False
LCALCPOL = True
LCHARG = False
LDAU = True
LDAUJ = 0 0 0 0
LDAUL = 0 2 0 0
LDAUPRINT = 1
LDAUTYPE = 2
LDAUU = 0 3.7 0 0
LMAXMIX = 4
LORBIT = 11
LREAL = False
LWAVE = False
MAGMOM = 1*0.002 1*-0.002 4*0.0 1*0.002 1*-0.002 2*-2.7800000000000002 2*2.7800000000000002 1*0.007 1*-0.007 1*0.007 1*-0.007 1*0.011 1*-0.011 1*0.009000000000000001 2*-0.009000000000000001 1*0.009000000000000001 1*0.011 1*-0.011 1*0.013000000000000001 1*-0.013000000000000001 1*-0.009000000000000001 2*0.009000000000000001 1*-0.009000000000000001 1*0.013000000000000001 1*-0.013000000000000001 1*0.007 1*-0.007 1*0.012 1*-0.012 1*0.012 1*-0.012 1*-0.007 1*0.007
NELM = 100
NSW = 0
PREC = Accurate
SIGMA = 0.05
SYMPREC = 1e-08
