ADDGRID = True
ALGO = Fast
EDIFF = 1e-06
ENCUT = 520.0
IBRION = -1
ISMEAR = 0
ISPIN = 2
ISYM = 0
LASPH = True
LCALCEPS = False
LCALCPOL = True
LCHARG = False
LDAU = True
LDAUJ = 0 0 0 0
LDAUL = 0 2 2 0
LDAUPRINT = 1
LDAUTYPE = 2
LDAUU = 0 6.2 4.38 0
LMAXMIX = 4
LORBIT = 11
LREAL = False
LWAVE = False
MAGMOM = 4*-0.0 1*-1.7970000000000002 1*1.7970000000000002 2*0.0 1*0.018000000000000002 1*-0.018000000000000002 1*0.018000000000000002 2*-0.018000000000000002 1*0.018000000000000002 1*-0.018000000000000002 1*0.018000000000000002 1*-0.018000000000000002 2*0.018000000000000002 1*-0.018000000000000002
NELM = 100
NSW = 0
PREC = Accurate
SIGMA = 0.05
SYMPREC = 1e-08
