ADDGRID = True
ALGO = Fast
EDIFF = 1e-06
EFIELD_PEAD = -0.002121320799307622 -0.0021213198878113266 -1.0054649857962868e-09
ENCUT = 520.0
IBRION = -1
ISMEAR = 0
ISPIN = 2
ISYM = 0
LASPH = True
LCALCEPS = False
LCALCPOL = True
LCHARG = False
LDAU = True
LDAUJ = 0 0 0
LDAUL = 0 2 0
LDAUPRINT = 1
LDAUTYPE = 2
LDAUU = 0 6.2 0
LMAXMIX = 6
LORBIT = 11
LREAL = False
LWAVE = False
MAGMOM = 3*0.001 1*2.391 6*0.04
NELM = 100
NSW = 0
PREC = Accurate
SIGMA = 0.05
SKIP_EDOTP = True
SYMPREC = 1e-08
