ADDGRID = True
ALGO = Fast
EDIFF = 1e-06
EFIELD_PEAD = 0.001515885750994184 -5.402209601360298e-06 0.002588833947178579
ENCUT = 520.0
IBRION = -1
ISMEAR = 0
ISPIN = 2
ISYM = 0
LASPH = True
LCALCEPS = False
LCALCPOL = True
LCHARG = False
LDAU = True
LDAUJ = 0 0 0 0
LDAUL = 0 0 2 0
LDAUPRINT = 1
LDAUTYPE = 2
LDAUU = 0 0 3.9 0
LMAXMIX = 6
LORBIT = 11
LREAL = False
LWAVE = False
MAGMOM = 2*-0.002 1*0.002 2*0.001 1*0.002 2*-0.002 4*-0.0 2*-3.026 2*3.026 1*-0.018000000000000002 1*-0.016 1*0.018000000000000002 1*0.016 1*-0.016 1*0.013000000000000001 1*0.016 1*-0.013000000000000001 1*0.018000000000000002 1*-0.014 1*-0.018000000000000002 1*0.014 1*0.016 1*0.018000000000000002 1*-0.016 1*-0.018000000000000002 1*0.014 1*-0.018000000000000002 1*-0.014 1*0.018000000000000002 1*-0.013000000000000001 1*0.016 1*0.013000000000000001 1*-0.016
NELM = 100
NSW = 0
PREC = Accurate
SIGMA = 0.05
SKIP_EDOTP = True
SYMPREC = 1e-08
